ID Algorithmics Python Final /13
2008494 4,60 0,00 F
2008509 1,60 0,00 F
2009432 2,40 2,20 F
2005949 2,00 1,52 F
2009473 2,40 0,00 F
1008703 3,80 6,72 11,00
2005802 4,60 3,12 F
2007717 3,60 2,80 F
2023560 3,60 2,80 F
2011649 5,00 2,40 F
2010639 4,60 4,64 9,50
2020357 4,00 2,80 F
2019285 5,00 3,60 F
2020623 0,00 0,00 F
2005799 4,00 4,40 8,50
2020359 4,00 0,00 F
2013005 2,80 0,00 F
2019284 5,00 6,64 12,00
2004250 4,80 7,60 12,50
2019052 5,00 4,96 10,00
1186776 4,60 6,08 11,00
2022806 4,60 2,80 F
2006666 4,80 4,00 9,00
2008491 1,20 0,00 F
2018888 4,60 0,72 F
1162680 5,00 6,48 11,50
2008490 3,40 2,00 F
2013008 1,40 0,00 F
2009468 3,00 1,40 F
2004275 5,00 5,52 11,00
2009466 4,00 5,12 9,50
2019054 4,00 2,00 F
2022300 4,80 6,64 11,50
2012289 5,00 6,56 12,00
2010641 4,00 7,60 12,00
2020584 4,00 4,20 8,50
2022452 5,00 4,20 9,50
2008492 1,60 0,00 F
2004674 3,60 7,80 11,50
2009411 4,80 1,80 F
2019046 5,00 7,20 12,50
2004672 4,60 7,04 12,00
2006665 2,80 4,04 7,00
2013009 2,00 0,00 F
2020827 5,00 5,08 10,50
2020627 4,60 3,84 F
2008562 2,60 0,00 F
2008493 5,00 1,80 F
2013013 5,00 0,80 F
2016902 5,00 1,80 F
2019050 5,00 7,24 12,50
2021116 5,00 7,20 12,50
2004673 3,60 7,80 11,50
2005800 5,00 4,20 9,50
2013014 4,80 4,04 9,00
2007716 5,00 6,00 11,00
2010640 4,60 6,28 11,00
2020625 5,00 4,32 9,50